#
# Compliance Matrix in Global Axes :
#
1.152516e+00 -2.441106e-01 -2.879869e-01 -6.719170e-03 2.031617e-04 1.454207e-03 
-2.441095e-01 1.030114e+00 -2.564193e-01 -4.385881e-03 1.743090e-04 3.395804e-05 
-2.879778e-01 -2.564157e-01 1.195838e+00 2.357317e-03 -2.718181e-04 -9.490573e-04 
-6.719300e-03 -4.386084e-03 2.357440e-03 2.652285e+00 2.874547e-04 3.360622e-04 
2.031643e-04 1.743061e-04 -2.718289e-04 2.874424e-04 2.712232e+00 -9.722448e-03 
1.454145e-03 3.395713e-05 -9.490751e-04 3.360478e-04 -9.722717e-03 2.936283e+00 
#
# Stiffness Matrix in Global Axes :
#
1.012959e+00 3.177380e-01 3.120706e-01 2.814294e-03 -6.677141e-05 -4.050235e-04 
3.177357e-01 1.125174e+00 3.177807e-01 2.383126e-03 -6.476169e-05 -6.814755e-05 
3.120615e-01 3.177754e-01 9.795240e-01 4.454279e-04 5.489034e-05 1.585050e-04 
2.814358e-03 2.383224e-03 4.454541e-04 3.770440e-01 -4.043992e-05 -4.456460e-05 
-6.677142e-05 -6.476020e-05 5.489329e-05 -4.043819e-05 3.687044e-01 1.220889e-03 
-4.050032e-04 -6.814148e-05 1.585130e-04 -4.456265e-05 1.220922e-03 3.405710e-01 
#
# Thermal Expansion in Global Axes :
#
9.529900e-01 8.864400e-01 9.793900e-01 -6.076100e-03 -2.272800e-04 -1.489700e-04 
#
# Engineering Constants :
#
#
# E11 :
#
8.676667e-01 
#
# Mismatch on E11 :
#
3.445385e-03 
#
# E22 :
#
9.707667e-01 
#
# Mismatch on E22 :
#
2.460179e-03 
#
# E33 :
#
8.362333e-01 
#
# Mismatch on E33 :
#
1.233885e-03 
#
# nu12 :
#
2.118067e-01 
#
# nu21 :
#
2.369733e-01 
#
# nu13 :
#
2.498767e-01 
#
# nu31 :
#
2.408167e-01 
#
# nu23 :
#
2.489233e-01 
#
# nu32 :
#
2.144233e-01 
#
# G12 :
#
3.770333e-01 
#
# Mismatch on G12 :
#
1.820519e-03 
#
# G23 :
#
3.687000e-01 
#
# Mismatch on G23 :
#
8.121151e-05 
#
# G13 :
#
3.405667e-01 
#
# Mismatch on G13 :
#
3.414982e-04 
#
# Global density :
#
1.000000e+00 
