7.071081e-02,3.125300e-02,3.165185e-02,9.621891e-04,3.558173e-03,1.068735e-04
3.125300e-02,6.494628e-02,3.120871e-02,8.338094e-04,-1.907777e-04,-5.254772e-05
3.165185e-02,3.120871e-02,7.155179e-02,2.009270e-05,3.629976e-03,-4.036232e-05
9.621891e-04,8.338094e-04,2.009270e-05,1.823596e-02,9.254542e-05,1.554263e-03
3.558173e-03,-1.907777e-04,3.629976e-03,9.254542e-05,2.037855e-02,4.908210e-04
1.068735e-04,-5.254772e-05,-4.036232e-05,1.554263e-03,4.908210e-04,1.839502e-02
