7.132803e-02,3.134312e-02,3.219600e-02,1.025315e-03,3.841386e-03,1.227101e-04
3.134312e-02,6.539198e-02,3.132706e-02,8.842658e-04,-8.540062e-05,-1.192892e-04
3.219600e-02,3.132706e-02,7.223169e-02,1.318826e-04,3.936607e-03,-3.297595e-05
1.025315e-03,8.842658e-04,1.318826e-04,1.840398e-02,1.167602e-04,1.445015e-03
3.841386e-03,-8.540062e-05,3.936607e-03,1.167602e-04,2.078727e-02,5.380951e-04
1.227101e-04,-1.192892e-04,-3.297595e-05,1.445015e-03,5.380951e-04,1.856452e-02
