7.073139e-02,3.134871e-02,3.168730e-02,1.067349e-03,3.133991e-03,8.834022e-05
3.134871e-02,6.575533e-02,3.131321e-02,9.515727e-04,-9.201420e-05,-2.403754e-04
3.168730e-02,3.131321e-02,7.158769e-02,2.325969e-05,3.195124e-03,-2.586497e-04
1.067349e-03,9.515727e-04,2.325969e-05,1.843352e-02,-1.858968e-05,1.367015e-03
3.133991e-03,-9.201420e-05,3.195124e-03,-1.858968e-05,2.021381e-02,5.118484e-04
8.834022e-05,-2.403754e-04,-2.586497e-04,1.367015e-03,5.118484e-04,1.859286e-02
