9.240750e-03,3.387328e-03,3.640162e-03,1.027023e-04,-6.134598e-05,-3.851445e-05
3.387328e-03,6.659435e-03,3.377420e-03,1.342292e-05,-3.239186e-06,-2.549783e-05
3.640162e-03,3.377420e-03,7.518440e-03,1.197586e-05,-9.576764e-06,-9.635810e-05
1.027023e-04,1.342292e-05,1.197586e-05,1.793485e-03,-4.490896e-05,-4.965370e-06
-6.134598e-05,-3.239186e-06,-9.576764e-06,-4.490896e-05,2.091067e-03,1.585749e-05
-3.851445e-05,-2.549783e-05,-9.635810e-05,-4.965370e-06,1.585749e-05,1.740606e-03
