9.233136e-03,3.312565e-03,3.447894e-03,1.141933e-04,-9.161485e-05,-2.339489e-05
3.312565e-03,6.738593e-03,3.361590e-03,1.578765e-06,3.014364e-07,-1.622350e-06
3.447894e-03,3.361590e-03,7.184524e-03,3.312533e-06,1.061239e-06,-6.127828e-05
1.141933e-04,1.578765e-06,3.312533e-06,1.735606e-03,-2.653839e-05,-3.424970e-06
-9.161485e-05,3.014364e-07,1.061239e-06,-2.653839e-05,1.891961e-03,8.087548e-06
-2.339489e-05,-1.622350e-06,-6.127828e-05,-3.424970e-06,8.087548e-06,1.702488e-03
