9.887839e-03,3.431085e-03,3.723221e-03,1.280057e-04,-8.381725e-05,-4.514827e-05
3.431085e-03,6.734727e-03,3.403657e-03,1.485808e-05,-4.014377e-06,-2.858157e-05
3.723221e-03,3.403657e-03,7.654418e-03,1.451890e-05,-1.054524e-05,-1.018994e-04
1.280057e-04,1.485808e-05,1.451890e-05,1.826958e-03,-4.695504e-05,-5.022688e-06
-8.381725e-05,-4.014377e-06,-1.054524e-05,-4.695504e-05,2.131562e-03,1.613424e-05
-4.514827e-05,-2.858157e-05,-1.018994e-04,-5.022688e-06,1.613424e-05,1.776351e-03
