7.405298e-03,3.356397e-03,4.073646e-03,2.296236e-04,8.414865e-04,9.905779e-05
3.356397e-03,6.600766e-03,3.347201e-03,1.155879e-04,-2.873150e-05,-8.600123e-05
4.073646e-03,3.347201e-03,7.614113e-03,1.138213e-04,9.178026e-04,-1.948216e-05
2.296236e-04,1.155879e-04,1.138213e-04,1.741284e-03,9.773600e-05,2.294888e-05
8.414865e-04,-2.873150e-05,9.178026e-04,9.773600e-05,2.510021e-03,1.286602e-04
9.905779e-05,-8.600123e-05,-1.948216e-05,2.294888e-05,1.286602e-04,1.738345e-03
