7.109216e-02,3.139606e-02,3.201117e-02,1.114111e-03,3.302259e-03,8.620811e-05
3.139606e-02,6.602522e-02,3.138175e-02,9.927427e-04,-2.286660e-05,-2.917851e-04
3.201117e-02,3.138175e-02,7.199014e-02,1.021414e-04,3.376308e-03,-2.624057e-04
1.114111e-03,9.927427e-04,1.021414e-04,1.853092e-02,-6.960317e-06,1.301266e-03
3.302259e-03,-2.286660e-05,3.376308e-03,-6.960317e-06,2.045510e-02,5.416795e-04
8.620811e-05,-2.917851e-04,-2.624057e-04,1.301266e-03,5.416795e-04,1.869243e-02
