7.758131e-02,3.123633e-02,3.137524e-02,3.551772e-04,-2.867510e-04,-2.539638e-05
3.123633e-02,6.548480e-02,3.134116e-02,2.062151e-04,2.644338e-06,-1.312695e-04
3.137524e-02,3.134116e-02,6.771277e-02,7.573296e-07,-1.596988e-04,-1.983669e-04
3.551772e-04,2.062151e-04,7.573296e-07,1.935667e-02,-9.605091e-05,-8.564474e-05
-2.867510e-04,2.644338e-06,-1.596988e-04,-9.605091e-05,1.996662e-02,1.125980e-04
-2.539638e-05,-1.312695e-04,-1.983669e-04,-8.564474e-05,1.125980e-04,1.751912e-02
