7.630295e-02,3.129261e-02,3.152578e-02,3.051256e-04,-1.942761e-04,-3.642220e-05
3.129261e-02,6.517352e-02,3.134200e-02,1.992261e-04,-4.904509e-07,-2.336089e-04
3.152578e-02,3.134200e-02,6.888846e-02,8.365083e-06,-1.257106e-04,-3.021644e-04
3.051256e-04,1.992261e-04,8.365083e-06,1.914895e-02,-1.502841e-04,-6.424480e-05
-1.942761e-04,-4.904509e-07,-1.257106e-04,-1.502841e-04,2.016776e-02,1.103735e-04
-3.642220e-05,-2.336089e-04,-3.021644e-04,-6.424480e-05,1.103735e-04,1.773313e-02
