7.551034e-02,3.119387e-02,3.141385e-02,2.744863e-04,-1.647834e-04,-3.272079e-05
3.119387e-02,6.495458e-02,3.137109e-02,2.026038e-04,5.588770e-06,-2.346573e-04
3.141385e-02,3.137109e-02,6.860723e-02,2.081948e-06,-1.317016e-04,-2.927594e-04
2.744863e-04,2.026038e-04,2.081948e-06,1.912314e-02,-1.487035e-04,-6.864382e-05
-1.647834e-04,5.588770e-06,-1.317016e-04,-1.487035e-04,2.014025e-02,1.152456e-04
-3.272079e-05,-2.346573e-04,-2.927594e-04,-6.864382e-05,1.152456e-04,1.761086e-02
