7.613960e-03,3.449704e-03,4.023635e-03,2.845095e-04,7.865253e-04,7.674609e-05
3.449704e-03,6.768170e-03,3.441458e-03,1.772857e-04,3.349862e-05,-1.093218e-04
4.023635e-03,3.441458e-03,7.845497e-03,9.826338e-05,8.511579e-04,-9.032792e-05
2.845095e-04,1.772857e-04,9.826338e-05,1.834342e-03,6.576126e-05,6.688874e-05
7.865253e-04,3.349862e-05,8.511579e-04,6.576126e-05,2.439806e-03,1.179882e-04
7.674609e-05,-1.093218e-04,-9.032792e-05,6.688874e-05,1.179882e-04,1.832789e-03
