7.890150e-03,3.502222e-03,4.231031e-03,3.372361e-04,9.580038e-04,8.700605e-05
3.502222e-03,6.876047e-03,3.496559e-03,2.076019e-04,4.791146e-05,-1.310276e-04
4.231031e-03,3.496559e-03,8.167057e-03,1.332113e-04,1.037128e-03,-9.960412e-05
3.372361e-04,2.076019e-04,1.332113e-04,1.886687e-03,8.551977e-05,6.886494e-05
9.580038e-04,4.791146e-05,1.037128e-03,8.551977e-05,2.636210e-03,1.401786e-04
8.700605e-05,-1.310276e-04,-9.960412e-05,6.886494e-05,1.401786e-04,1.883810e-03
