7.1494e-02,3.1385e-02,3.1989e-02,1.0566e-03,3.7800e-03,9.6241e-05
3.1385e-02,6.5315e-02,3.1363e-02,9.0629e-04,5.9875e-05,-5.5640e-05
3.1989e-02,3.1363e-02,7.2403e-02,7.8588e-05,3.8528e-03,-7.0189e-05
1.0566e-03,9.0629e-04,7.8588e-05,1.8445e-02,9.0354e-05,1.5904e-03
3.7800e-03,5.9875e-05,3.8528e-03,9.0354e-05,2.0580e-02,4.8477e-04
9.6241e-05,-5.5640e-05,-7.0189e-05,1.5904e-03,4.8477e-04,1.8600e-02
