8.0351e-03,3.4858e-03,4.2154e-03,3.4056e-04,1.0679e-03,1.0254e-04
3.4858e-03,6.6893e-03,3.4724e-03,1.7988e-04,1.4771e-04,-4.8038e-05
4.2154e-03,3.4724e-03,8.3210e-03,1.0621e-04,1.1457e-03,-6.3588e-05
3.4056e-04,1.7988e-04,1.0621e-04,1.8691e-03,1.0245e-04,1.7192e-04
1.0679e-03,1.4771e-04,1.1457e-03,1.0245e-04,2.6230e-03,1.1264e-04
1.0254e-04,-4.8038e-05,-6.3588e-05,1.7192e-04,1.1264e-04,1.8585e-03
