1.0030e-02,3.5753e-03,3.7656e-03,1.1572e-04,-8.6578e-05,-3.0138e-05
3.5753e-03,6.6806e-03,3.3916e-03,3.8419e-05,-9.7644e-06,-3.3656e-05
3.7656e-03,3.3916e-03,7.2169e-03,1.8424e-05,-3.9888e-05,-4.5191e-05
1.1572e-04,3.8419e-05,1.8424e-05,1.9754e-03,-3.1256e-05,-1.1162e-05
-8.6578e-05,-9.7644e-06,-3.9888e-05,-3.1256e-05,2.1731e-03,2.0194e-05
-3.0138e-05,-3.3656e-05,-4.5191e-05,-1.1162e-05,2.0194e-05,1.7609e-03
