7.610506e-02,3.106426e-02,3.117453e-02,2.976530e-04,-2.305577e-04,-1.790910e-05
3.106426e-02,6.508812e-02,3.140695e-02,2.122462e-04,1.389091e-05,-1.347868e-04
3.117453e-02,3.140695e-02,6.718557e-02,-1.081564e-05,-1.723374e-04,-1.772733e-04
2.976530e-04,2.122462e-04,-1.081564e-05,1.930627e-02,-9.454891e-05,-9.347629e-05
-2.305577e-04,1.389091e-05,-1.723374e-04,-9.454891e-05,1.992357e-02,1.220540e-04
-1.790910e-05,-1.347868e-04,-1.772733e-04,-9.347629e-05,1.220540e-04,1.729611e-02
